64
92
132
173
352
384
760
795
814
873
969
1208
1212
1218
1223
1226
1227
1250
1286
1296
1301
1331
1383
1424
1540
1545
1627
1631
1639
1641
1643
1647
1652
1653
1656
1657
1661
1665
1669
1670
1671
1675
1679
1681
1683
1685
1690
1691
1693
1695
1698
1699
1701
1709
1713
1718
1719
1721
1723
1728
1730
1734
1738
1739
1743
1746
1747
1748
1753
1759
1761
1764
1768
1769
1773
1774
1778
1782
1786
1791
1794
1799
1800
1804
1817
1818
1820
1821
1826
1827
1831
1832
1840
1841
1847
1852
1854
1860
1868
1871
1872
1877
1880
1890
1891
1894
1895
1900
1904
1905
1908
1909
1914
1916
1919
1920
1921
1923
1925
1926
1927
1929
1930
1931
1932
1933
1934
1935
1936
1937
1938
1939
1940
1941
1942
1943
1944
1945
1946
1947
1948
1949
1950
1951
1952
1953
1954
1955
1957
1958
1959
1960
1961
1962
1963
1964
1965
1966
1968
1969
1970
1971
1972
1973
1974
1975
1976
1977
1978
1979
1980
1981
1982
1983
1984
1985
1986
1987
1988
1989
1990
1991
1992
1993
1994
1995
1996
1997
1998
1999
2000
2001
2002
2004
2005
2006
2007
2008
2009
2010
